Date,High,Low,Open,Close,Volume,Adj Close
2020-01-02,118573.0,115649.0,115652.0,118573.0,5162700,118573.0
2020-01-03,118792.0,117341.0,118564.0,117707.0,6834500,117707.0
2020-01-06,117707.0,116269.0,117707.0,116878.0,6570000,116878.0
2020-01-07,117076.0,115965.0,116872.0,116662.0,4854100,116662.0
2020-01-08,117335.0,115693.0,116667.0,116247.0,5910500,116247.0
2020-01-09,116820.0,115411.0,116248.0,115947.0,5953500,115947.0
2020-01-10,116745.0,114952.0,115948.0,115503.0,4783400,115503.0
2020-01-13,117333.0,115503.0,115503.0,117325.0,5685100,117325.0
2020-01-14,117705.0,116610.0,117325.0,117632.0,5361700,117632.0
2020-01-15,117632.0,116188.0,117632.0,116414.0,5569400,116414.0
2020-01-16,117106.0,115961.0,116415.0,116704.0,5422700,116704.0
2020-01-17,118479.0,116710.0,116710.0,118478.0,4947200,118478.0
2020-01-20,118862.0,117928.0,118478.0,118862.0,3843500,118862.0
2020-01-21,118861.0,117026.0,118861.0,117026.0,5085600,117026.0
2020-01-22,118401.0,117035.0,117035.0,118391.0,5765700,118391.0
2020-01-23,119535.0,116906.0,118391.0,119528.0,6572400,119528.0
2020-01-24,119593.0,118108.0,119528.0,118376.0,4778700,118376.0
2020-01-27,118347.0,114376.0,118347.0,114482.0,6097800,114482.0
2020-01-28,116797.0,114475.0,114482.0,116479.0,5229400,116479.0
2020-01-29,117171.0,115164.0,116494.0,115385.0,5097800,115385.0
2020-01-30,115528.0,112825.0,115375.0,115528.0,6315600,115528.0
2020-01-31,115518.0,113148.0,115518.0,113761.0,6219900,113761.0
2020-02-03,115299.0,113467.0,113761.0,114629.0,5512200,114629.0
2020-02-04,116556.0,114631.0,114631.0,115557.0,5829400,115557.0
2020-02-05,117701.0,115562.0,115563.0,116028.0,7173800,116028.0
2020-02-06,117382.0,114723.0,116033.0,115190.0,7382400,115190.0
2020-02-07,115190.0,113769.0,115190.0,113770.0,6594100,113770.0
2020-02-10,114176.0,112134.0,113771.0,112570.0,7486300,112570.0
2020-02-11,115576.0,112574.0,112574.0,115371.0,6767900,115371.0
2020-02-12,117581.0,115371.0,115371.0,116674.0,8159200,116674.0
2020-02-13,116660.0,114801.0,116660.0,115662.0,5635700,115662.0
2020-02-14,115663.0,114132.0,115663.0,114381.0,5335900,114381.0
2020-02-17,115696.0,114381.0,114381.0,115309.0,0,115309.0
2020-02-18,115309.0,113532.0,115309.0,114977.0,5548400,114977.0
2020-02-19,116545.0,114774.0,114982.0,116518.0,6334100,116518.0
2020-02-20,116552.0,114379.0,116518.0,114586.0,6793000,114586.0
2020-02-21,114585.0,112661.0,114585.0,113681.0,5896200,113681.0
2020-02-26,113647.0,105053.0,113647.0,105718.0,9369800,105718.0
2020-02-27,106656.0,102984.0,105711.0,102984.0,11237700,102984.0
2020-02-28,104172.0,99951.0,102984.0,104172.0,11228400,104172.0
2020-03-02,107220.0,103779.0,104260.0,106625.0,8858400,106625.0
2020-03-03,108804.0,104405.0,106630.0,105537.0,9385600,105537.0
2020-03-04,107809.0,105042.0,105540.0,107224.0,8410500,107224.0
2020-03-05,107217.0,100536.0,107217.0,102233.0,8598600,102233.0
2020-03-06,102231.0,96886.0,102231.0,97997.0,11864200,97997.0
2020-03-09,97982.0,85880.0,97982.0,86067.0,14645500,86067.0
2020-03-10,92230.0,86071.0,86071.0,92214.0,13531700,92214.0
2020-03-11,92202.0,80796.0,92202.0,85171.0,11786900,85171.0
2020-03-12,85103.0,68488.0,85103.0,72583.0,12008700,72583.0
2020-03-13,83758.0,72621.0,72621.0,82678.0,15766300,82678.0
2020-03-16,82565.0,70855.0,82565.0,71168.0,12847800,71168.0
2020-03-17,77255.0,70783.0,71178.0,74617.0,14945900,74617.0
2020-03-18,74576.0,63547.0,74576.0,66895.0,16751500,66895.0
2020-03-19,70071.0,61691.0,66883.0,68332.0,16144700,68332.0
2020-03-20,72247.0,66120.0,68344.0,67069.0,15152400,67069.0
2020-03-23,67604.0,62161.0,67067.0,63570.0,11962200,63570.0
2020-03-24,71535.0,63604.0,63604.0,69729.0,11679900,69729.0
2020-03-25,76714.0,69360.0,69727.0,74956.0,12951100,74956.0
2020-03-26,78846.0,74923.0,74956.0,77710.0,12758000,77710.0
2020-03-27,77708.0,73057.0,77708.0,73429.0,10301400,73429.0
2020-03-30,75430.0,73184.0,73431.0,74640.0,9032200,74640.0
2020-03-31,75511.0,72385.0,74629.0,73020.0,11141500,73020.0
2020-04-01,73011.0,69569.0,73011.0,70967.0,10093500,70967.0
2020-04-02,73861.0,70957.0,70969.0,72253.0,10540200,72253.0
2020-04-03,72241.0,67802.0,72241.0,69538.0,10411300,69538.0
2020-04-06,75260.0,69556.0,69556.0,74073.0,9685400,74073.0
2020-04-07,79855.0,74078.0,74078.0,76358.0,11286500,76358.0
2020-04-08,79058.0,76115.0,76335.0,78625.0,10206300,78625.0
2020-04-09,80428.0,77457.0,78640.0,77682.0,10748700,77682.0
2020-04-13,78836.0,76405.0,77682.0,78836.0,7651300,78836.0
2020-04-14,81668.0,78848.0,78848.0,79918.0,8593600,79918.0
2020-04-15,80035.0,77546.0,79911.0,78831.0,9758400,78831.0
2020-04-16,80167.0,77452.0,78837.0,77812.0,9028400,77812.0
2020-04-17,79846.0,77754.0,77817.0,78990.0,8317800,78990.0
2020-04-20,80106.0,76943.0,78989.0,78973.0,8874700,78973.0
2020-04-22,81184.0,78973.0,78973.0,80687.0,9848900,80687.0
2020-04-23,81934.0,78622.0,80690.0,79673.0,10823500,79673.0
2020-04-24,79667.0,72041.0,79667.0,75331.0,16529200,75331.0
2020-04-27,78563.0,75327.0,75334.0,78239.0,10656900,78239.0
2020-04-28,81427.0,78243.0,78243.0,81312.0,12939000,81312.0
2020-04-29,83598.0,81313.0,81313.0,83171.0,11719700,83171.0
2020-04-30,83169.0,80168.0,83169.0,80506.0,11804600,80506.0
2020-05-04,80502.0,77640.0,80501.0,78876.0,8594200,78876.0
2020-05-05,81066.0,78886.0,78887.0,79471.0,9154700,79471.0
2020-05-06,79996.0,78056.0,79473.0,79064.0,9775900,79064.0
2020-05-07,80061.0,78061.0,79072.0,78119.0,13808900,78119.0
2020-05-08,80557.0,78152.0,78152.0,80263.0,10734400,80263.0
2020-05-11,80723.0,78994.0,80263.0,79065.0,9781900,79065.0
2020-05-12,80344.0,77872.0,79065.0,77872.0,10245400,77872.0
2020-05-13,78911.0,77152.0,77877.0,77772.0,11575900,77772.0
2020-05-14,79011.0,75697.0,77770.0,79011.0,13818900,79011.0
2020-05-15,79538.0,77426.0,79011.0,77557.0,11718200,77557.0
2020-05-18,81420.0,77571.0,77576.0,81194.0,11533100,81194.0
2020-05-19,82175.0,80647.0,81197.0,80742.0,10740100,80742.0
2020-05-20,82290.0,80740.0,80747.0,81319.0,9522800,81319.0
2020-05-21,83309.0,81317.0,81320.0,83027.0,11395200,83027.0
2020-05-22,83027.0,81669.0,83027.0,82173.0,9281200,82173.0
2020-05-25,85876.0,82193.0,82198.0,85663.0,8764400,85663.0
2020-05-26,87333.0,85396.0,85668.0,85469.0,12030800,85469.0
2020-05-27,87946.0,85468.0,85468.0,87946.0,11212000,87946.0
2020-05-28,88091.0,86767.0,87946.0,86949.0,10117000,86949.0
2020-05-29,87410.0,85384.0,86951.0,87403.0,16550900,87403.0
2020-06-01,89019.0,86837.0,87395.0,88620.0,9849400,88620.0
2020-06-02,91046.0,88622.0,88622.0,91046.0,11827300,91046.0
2020-06-03,93710.0,91048.0,91048.0,93002.0,15137900,93002.0
2020-06-04,94132.0,92221.0,92993.0,93829.0,11488000,93829.0
2020-06-05,97356.0,93839.0,93839.0,94637.0,13320300,94637.0
2020-06-08,97693.0,94635.0,94640.0,97645.0,11096500,97645.0
2020-06-09,97644.0,95386.0,97644.0,96747.0,11278800,96747.0
2020-06-10,97646.0,94665.0,96747.0,94686.0,11739600,94686.0
2020-06-12,94703.0,90811.0,94677.0,92795.0,12785600,92795.0
2020-06-15,93112.0,90148.0,92780.0,92376.0,13317500,92376.0
2020-06-16,95216.0,92387.0,92387.0,93531.0,12034200,93531.0
2020-06-17,96611.0,93531.0,93531.0,95547.0,11134700,95547.0
2020-06-18,97110.0,94698.0,95547.0,96125.0,10008500,96125.0
2020-06-19,97540.0,95874.0,96138.0,96572.0,13134400,96572.0
2020-06-22,96870.0,94869.0,96572.0,95336.0,8264700,95336.0
2020-06-23,97486.0,95344.0,95344.0,95975.0,9752700,95975.0
2020-06-24,95974.0,93259.0,95974.0,94377.0,9962700,94377.0
2020-06-25,96260.0,94152.0,94382.0,95983.0,8697900,95983.0
2020-06-26,95979.0,93514.0,95979.0,93834.0,8439100,93834.0
2020-06-29,95735.0,93825.0,93837.0,95735.0,8906800,95735.0
2020-06-30,96257.0,94806.0,95728.0,95056.0,10144500,95056.0
2020-07-01,96852.0,95062.0,95062.0,96203.0,10163300,96203.0
2020-07-02,97864.0,96052.0,96206.0,96235.0,10062900,96235.0
2020-07-03,96765.0,95803.0,96237.0,96765.0,5351600,96765.0
2020-07-06,99257.0,96768.0,96776.0,98937.0,9489400,98937.0
2020-07-07,98938.0,97272.0,98937.0,97761.0,8951400,97761.0
2020-07-08,99973.0,97765.0,97765.0,99770.0,9142700,99770.0
2020-07-09,100191.0,98861.0,99770.0,99160.0,0,99160.0
2020-07-10,100101.0,98739.0,99160.0,100032.0,9147200,100032.0
2020-07-13,100858.0,98697.0,100027.0,98697.0,10382300,98697.0
2020-07-14,100632.0,98289.0,98699.0,100440.0,10019400,100440.0
2020-07-15,102114.0,100444.0,100444.0,101791.0,9285600,101791.0
2020-07-16,101792.0,100160.0,101791.0,100553.0,8127100,100553.0
2020-07-17,103017.0,100554.0,100554.0,102888.0,10429400,102888.0
2020-07-20,104439.0,102744.0,102888.0,104426.0,8931800,104426.0
2020-07-21,105449.0,103732.0,104426.0,104310.0,11105800,104310.0
2020-07-22,104980.0,103277.0,104312.0,104290.0,10833700,104290.0
2020-07-23,104949.0,102119.0,104291.0,102293.0,10366600,102293.0
2020-07-24,102694.0,100859.0,102292.0,102382.0,9795200,102382.0
2020-07-27,104585.0,102381.0,102381.0,104477.0,9622400,104477.0
2020-07-28,104663.0,103592.0,104477.0,104109.0,9087100,104109.0
2020-07-29,105704.0,104112.0,104112.0,105605.0,9238300,105605.0
2020-07-30,105607.0,103920.0,105605.0,105009.0,9591700,105009.0
2020-07-31,105462.0,102642.0,105010.0,102912.0,12929300,102912.0
2020-08-03,103863.0,102304.0,102913.0,102830.0,10901000,102830.0
2020-08-04,103012.0,100005.0,102826.0,101216.0,12029800,101216.0
2020-08-05,103763.0,101220.0,101220.0,102802.0,10922100,102802.0
2020-08-06,104523.0,102733.0,102733.0,104126.0,9686600,104126.0
2020-08-07,104126.0,101957.0,104116.0,102776.0,10337100,102776.0
2020-08-10,103722.0,101282.0,102776.0,103444.0,8259500,103444.0
2020-08-11,104409.0,102174.0,103449.0,102174.0,9360900,102174.0
2020-08-12,103116.0,100698.0,102176.0,102118.0,10114200,102118.0
2020-08-13,103237.0,100187.0,102118.0,100461.0,10721300,100461.0
2020-08-14,101717.0,100445.0,100469.0,101353.0,8576300,101353.0
2020-08-17,101689.0,98513.0,101348.0,99595.0,10816200,99595.0
2020-08-18,102247.0,99597.0,99597.0,102065.0,9418700,102065.0
2020-08-19,102334.0,100800.0,102072.0,100854.0,10025800,100854.0
2020-08-20,101749.0,99131.0,100853.0,101468.0,9405000,101468.0
2020-08-21,101566.0,100412.0,101460.0,101521.0,9100200,101521.0
2020-08-24,102515.0,101525.0,101525.0,102298.0,7723000,102298.0
2020-08-25,102708.0,101623.0,102293.0,102118.0,8170900,102118.0
2020-08-26,102521.0,99359.0,102119.0,100627.0,9861200,100627.0
2020-08-27,101548.0,99857.0,100625.0,100624.0,7360600,100624.0
2020-08-28,102347.0,100631.0,100631.0,102143.0,7665700,102143.0
2020-08-31,102142.0,99369.0,102142.0,99369.0,12226100,99369.0
2020-09-01,102238.0,99382.0,99382.0,102168.0,9384700,102168.0
2020-09-02,102824.0,100872.0,102168.0,101911.0,7557900,101911.0
2020-09-03,103226.0,99751.0,101911.0,100721.0,12611000,100721.0
2020-09-04,101582.0,98961.0,100733.0,101242.0,11327400,101242.0
2020-09-08,101239.0,99373.0,101239.0,100050.0,8479000,100050.0
2020-09-09,101578.0,100050.0,100050.0,101292.0,7955600,101292.0
2020-09-10,101536.0,98687.0,101291.0,98835.0,8894600,98835.0
2020-09-11,99435.0,97758.0,98839.0,98363.0,9107900,98363.0
2020-09-14,100520.0,98367.0,98367.0,100275.0,8182100,100275.0
2020-09-15,100949.0,99647.0,100277.0,100298.0,9216700,100298.0
2020-09-16,100663.0,99663.0,100299.0,99676.0,7139400,99676.0
2020-09-17,100251.0,98562.0,99674.0,100098.0,0,100098.0
2020-09-18,100102.0,98045.0,100098.0,98290.0,11370300,98290.0
2020-09-21,98283.0,95820.0,98283.0,96991.0,9738000,96991.0
2020-09-22,97684.0,96390.0,96995.0,97294.0,7281300,97294.0
2020-09-23,97389.0,95728.0,97294.0,95735.0,8830700,95735.0
2020-09-24,97955.0,95653.0,95735.0,97012.0,9331000,97012.0
2020-09-25,97012.0,95632.0,97011.0,96999.0,7351100,96999.0
2020-09-28,98314.0,94371.0,97005.0,94666.0,10508900,94666.0
2020-09-29,95505.0,93408.0,94665.0,93580.0,8737200,93580.0
2020-09-30,95340.0,93584.0,93586.0,94603.0,9454300,94603.0
2020-10-01,95486.0,93599.0,94604.0,95479.0,9243500,95479.0
2020-10-02,95996.0,93897.0,95475.0,94016.0,8584900,94016.0
2020-10-05,96414.0,93984.0,94019.0,96089.0,8616000,96089.0
2020-10-06,97405.0,95211.0,96091.0,95615.0,11299600,95615.0
2020-10-07,96380.0,94881.0,95616.0,95526.0,9829900,95526.0
2020-10-08,97938.0,95530.0,95530.0,97920.0,11163600,97920.0
2020-10-09,98642.0,97161.0,97924.0,97483.0,10810500,97483.0
2020-10-13,98998.0,97336.0,97483.0,98503.0,7867500,98503.0
2020-10-14,99571.0,98501.0,98502.0,99334.0,8891000,99334.0
2020-10-15,99486.0,97778.0,99328.0,99054.0,8335200,99054.0
2020-10-16,99172.0,98309.0,99054.0,98309.0,7840200,98309.0
2020-10-19,99917.0,98310.0,98310.0,98658.0,9929400,98658.0
2020-10-20,100722.0,98664.0,98664.0,100540.0,8796000,100540.0
2020-10-21,101586.0,100149.0,100541.0,100552.0,8661100,100552.0
2020-10-22,102020.0,100457.0,100553.0,101918.0,9556900,101918.0
2020-10-23,102218.0,101188.0,101918.0,101260.0,7561100,101260.0
2020-10-26,101784.0,99762.0,101260.0,101017.0,8070400,101017.0
2020-10-27,101660.0,99414.0,101017.0,99606.0,8672300,99606.0
2020-10-28,99598.0,95369.0,99598.0,95369.0,11051600,95369.0
2020-10-29,96688.0,93387.0,95368.0,96582.0,12704400,96582.0
2020-10-30,96579.0,93559.0,96579.0,93952.0,10643200,93952.0
2020-11-03,96250.0,93968.0,93968.0,95587.0,10191800,95587.0
2020-11-04,98296.0,95987.0,95992.0,97811.0,10704600,97811.0
2020-11-05,100922.0,97872.0,97873.0,100774.0,10455300,100774.0
2020-11-06,100928.0,99837.0,100751.0,100799.0,8382800,100799.0
2020-11-09,105147.0,100954.0,100954.0,103913.0,17410500,103913.0
2020-11-10,105758.0,103453.0,103516.0,105351.0,16665200,105351.0
2020-11-11,105462.0,104143.0,105067.0,104532.0,10841000,104532.0
2020-11-12,105019.0,102034.0,104810.0,102175.0,10860300,102175.0
2020-11-13,104707.0,102509.0,102509.0,104512.0,9772100,104512.0
2020-11-16,106518.0,104729.0,104729.0,106430.0,11724300,106430.0
2020-11-17,107810.0,105847.0,106430.0,107229.0,10311000,107229.0
2020-11-18,107467.0,106217.0,107246.0,106483.0,10337300,106483.0
2020-11-19,106973.0,105545.0,106117.0,106517.0,8555700,106517.0
2020-11-23,107495.0,106050.0,106050.0,107379.0,9686000,107379.0
2020-11-24,109956.0,107361.0,107378.0,109786.0,11934800,109786.0
2020-11-25,110596.0,109315.0,109786.0,110133.0,8564700,110133.0
2020-11-26,110245.0,109418.0,110133.0,110227.0,6166800,110227.0
2020-11-27,111603.0,110161.0,110229.0,110575.0,8790300,110575.0
2020-11-30,110934.0,108829.0,110598.0,108888.0,19300000,108888.0
2020-12-01,111840.0,108897.0,108897.0,111335.0,11324800,111335.0
2020-12-02,112315.0,110579.0,111402.0,111814.0,9814300,111814.0
2020-12-03,113377.0,111874.0,111874.0,112919.0,11474200,112919.0
2020-12-04,113864.0,112294.0,112294.0,113682.0,8892900,113682.0
2020-12-07,114531.0,112629.0,113751.0,113625.0,9633900,113625.0
2020-12-08,114381.0,112820.0,113590.0,113571.0,8810900,113571.0
2020-12-09,114020.0,112567.0,113799.0,112722.0,8431100,112722.0
2020-12-10,115262.0,112732.0,113002.0,114992.0,11803600,114992.0
2020-12-11,115527.0,113949.0,115128.0,115323.0,8372300,115323.0
2020-12-14,115740.0,114431.0,115137.0,114975.0,8190900,114975.0
2020-12-15,116390.0,114613.0,114613.0,116146.0,8195100,116146.0
2020-12-16,118178.0,115496.0,116149.0,117947.0,9808100,117947.0
2020-12-17,119027.0,117856.0,117864.0,118157.0,7701400,118157.0
2020-12-18,119370.0,117639.0,118395.0,117679.0,8636000,117679.0
2020-12-21,118021.0,114730.0,118021.0,116016.0,10347100,116016.0
2020-12-22,116903.0,115648.0,115825.0,116348.0,6947900,116348.0
2020-12-23,118311.0,116636.0,116636.0,117857.0,6483300,117857.0
2020-12-28,119213.0,117805.0,117806.0,119051.0,7171700,119051.0
2020-12-29,119861.0,118750.0,119130.0,119475.0,6769700,119475.0
2020-12-30,120150.0,118919.0,119410.0,119306.0,8235700,119306.0
2021-01-04,120354.0,118062.0,119024.0,118558.0,8741400,118558.0
2021-01-05,119790.0,116756.0,118835.0,119223.0,9257100,119223.0
2021-01-06,120924.0,118917.0,119377.0,119851.0,11638200,119851.0
2021-01-07,121983.0,119101.0,119103.0,121956.0,11774800,121956.0
2021-01-08,125324.0,122386.0,122387.0,125077.0,11085800,125077.0
2021-01-11,125075.0,122506.0,125075.0,122807.0,9537600,122807.0
2021-01-12,124584.0,123227.0,123255.0,123998.0,8949000,123998.0
2021-01-13,124032.0,121016.0,123996.0,122040.0,10291500,122040.0
2021-01-14,123896.0,121947.0,121947.0,123481.0,8974400,123481.0
2021-01-15,123472.0,120374.0,123472.0,120502.0,9387600,120502.0
2021-01-18,122586.0,120351.0,120351.0,121242.0,7223100,121242.0
2021-01-19,122120.0,119257.0,121250.0,120673.0,7886000,120673.0
2021-01-20,121449.0,118740.0,120645.0,119708.0,7947300,119708.0
2021-01-21,120243.0,117785.0,119628.0,118443.0,8573900,118443.0
2021-01-22,118318.0,116109.0,118318.0,117172.0,9373100,117172.0
2021-01-26,119167.0,116109.0,117381.0,116464.0,10681400,116464.0
2021-01-27,117840.0,114887.0,116463.0,115882.0,12380400,115882.0
2021-01-28,119314.0,115734.0,115882.0,119314.0,12065900,119314.0
2021-01-29,118880.0,115299.0,118880.0,116007.0,10965200,116007.0
2021-02-01,117862.0,115093.0,115093.0,117365.0,8716500,117365.0
2021-02-02,119805.0,117519.0,117520.0,118234.0,11625900,118234.0
2021-02-03,120210.0,118234.0,118235.0,119725.0,8704300,119725.0
2021-02-04,120560.0,118918.0,119728.0,119261.0,8100700,119261.0
2021-02-05,121117.0,119261.0,119261.0,119925.0,8208400,119925.0
2021-02-08,120844.0,119140.0,120239.0,119516.0,8619100,119516.0
2021-02-09,119975.0,118246.0,119696.0,119429.0,7913500,119429.0
2021-02-10,119738.0,117970.0,119472.0,118430.0,8644600,118430.0
2021-02-11,120283.0,118440.0,118440.0,119235.0,7567400,119235.0
2021-02-12,119763.0,118163.0,119300.0,119116.0,7655900,119116.0
2021-02-17,120573.0,118880.0,119421.0,120391.0,8326100,120391.0
2021-02-18,120845.0,118515.0,120361.0,119140.0,10720600,119140.0
2021-02-19,119250.0,117867.0,119199.0,118748.0,10402800,118748.0
2021-02-22,118388.0,111650.0,118388.0,112668.0,21768700,112668.0
2021-02-23,115380.0,112667.0,112676.0,115227.0,15174900,115227.0
2021-02-24,116208.0,114668.0,115229.0,115668.0,11399300,115668.0
2021-02-25,116506.0,111764.0,115668.0,112256.0,12466500,112256.0
2021-02-26,113466.0,109827.0,112260.0,110035.0,14618500,110035.0
2021-03-01,112445.0,110036.0,110036.0,110335.0,11239900,110335.0
2021-03-02,112428.0,107319.0,110328.0,111540.0,14823200,111540.0
2021-03-03,112398.0,107466.0,111529.0,111184.0,15144300,111184.0
2021-03-04,114433.0,111163.0,111191.0,112690.0,14221600,112690.0
2021-03-05,115504.0,112504.0,112690.0,115202.0,13254800,115202.0
2021-03-08,115202.0,110268.0,115202.0,110612.0,0,110612.0
2021-03-09,112525.0,109343.0,110611.0,111331.0,12135300,111331.0
2021-03-10,112928.0,109999.0,111331.0,112776.0,12511800,112776.0
2021-03-11,115127.0,112776.0,112782.0,114984.0,12092100,114984.0
2021-03-12,114984.0,113253.0,114984.0,114160.0,8110700,114160.0
2021-03-15,114903.0,113635.0,114093.0,114851.0,8224700,114851.0
2021-03-16,114974.0,113370.0,114845.0,114019.0,78000,114019.0
2021-03-17,116736.0,113428.0,114018.0,116549.0,94300,116549.0
2021-03-18,116751.0,114302.0,116549.0,114835.0,9920100,114835.0
2021-03-19,116446.0,114610.0,114837.0,116222.0,12341800,116222.0
2021-03-22,116225.0,113620.0,116222.0,114979.0,8160600,114979.0
2021-03-23,115599.0,113062.0,114977.0,113262.0,8301500,113262.0
2021-03-24,114823.0,112064.0,113272.0,112064.0,9834000,112064.0
2021-03-25,114024.0,110927.0,112065.0,113750.0,10306500,113750.0
2021-03-26,115416.0,113305.0,113750.0,114781.0,8659500,114781.0
2021-03-29,115553.0,114096.0,114776.0,115419.0,7463300,115419.0
2021-03-30,117090.0,114999.0,115414.0,116850.0,8141600,116850.0
2021-03-31,117249.0,115932.0,116850.0,116634.0,10659200,116634.0
2021-04-01,117088.0,114991.0,116644.0,115253.0,8009200,115253.0
2021-04-05,117668.0,115262.0,115262.0,117518.0,7245100,117518.0
2021-04-06,118213.0,117176.0,117519.0,117499.0,6800800,117499.0
2021-04-07,118303.0,116748.0,117499.0,117624.0,0,117624.0
2021-04-08,118850.0,117486.0,117624.0,118313.0,8778200,118313.0
2021-04-09,118643.0,117336.0,118313.0,117670.0,7739400,117670.0
2021-04-12,118812.0,117661.0,117661.0,118812.0,7000500,118812.0
2021-04-13,119529.0,118041.0,118809.0,119297.0,8977600,119297.0
2021-04-14,120871.0,119298.0,119298.0,120295.0,10076600,120295.0
2021-04-15,121409.0,120084.0,120290.0,120701.0,7948100,120701.0
2021-04-16,121333.0,120199.0,120701.0,121114.0,7945600,121114.0
2021-04-19,121974.0,120682.0,121116.0,120934.0,10028100,120934.0
2021-04-20,121354.0,119841.0,120925.0,120062.0,7811500,120062.0
2021-04-22,120995.0,119203.0,120064.0,119371.0,8598600,119371.0
2021-04-23,120815.0,119372.0,119372.0,120530.0,7615500,120530.0
2021-04-26,121393.0,119860.0,120534.0,120595.0,7095300,120595.0
2021-04-27,121012.0,119003.0,120595.0,119388.0,8362300,119388.0
2021-04-28,121276.0,119392.0,119392.0,121053.0,9081500,121053.0
2021-04-29,121498.0,119703.0,121053.0,120066.0,8500200,120066.0
2021-04-30,120125.0,118894.0,120064.0,118894.0,11093200,118894.0
2021-05-03,119904.0,118528.0,118951.0,119209.0,8888300,119209.0
2021-05-04,119293.0,117631.0,119209.0,117712.0,8765500,117712.0
2021-05-05,119734.0,117725.0,117725.0,119564.0,9059100,119564.0
2021-05-06,119966.0,119071.0,119577.0,119921.0,8779600,119921.0
2021-05-07,122038.0,119922.0,119922.0,122038.0,8865100,122038.0
2021-05-10,122772.0,121795.0,122038.0,121909.0,8219100,121909.0
2021-05-11,122964.0,120145.0,121904.0,122964.0,7988600,122964.0
2021-05-12,122964.0,119458.0,122964.0,119710.0,9405200,119710.0
2021-05-13,121426.0,119711.0,119711.0,120706.0,9356200,120706.0
2021-05-14,122195.0,120719.0,120719.0,121881.0,10136300,121881.0
2021-05-17,123074.0,121680.0,121880.0,122938.0,7408100,122938.0
2021-05-18,123544.0,122550.0,122937.0,122980.0,7840100,122980.0
2021-05-19,123013.0,121595.0,122976.0,122636.0,8825300,122636.0
2021-05-20,122734.0,122136.0,122636.0,122701.0,7906400,122701.0
2021-05-21,122799.0,121760.0,122701.0,122592.0,9493600,122592.0
2021-05-24,124167.0,122526.0,122592.0,124032.0,8186300,124032.0
2021-05-25,124696.0,122701.0,124032.0,122988.0,8914500,122988.0
2021-05-26,124256.0,122988.0,122988.0,123989.0,8258400,123989.0
2021-05-27,124537.0,123470.0,123989.0,124367.0,0,124367.0
2021-05-28,125698.0,124284.0,124367.0,125561.0,8838500,125561.0
2021-05-31,126216.0,125540.0,125561.0,126216.0,5946500,126216.0
2021-06-01,128363.0,126218.0,126218.0,128267.0,12496100,128267.0
2021-06-02,129601.0,128167.0,128268.0,129601.0,12781100,129601.0
2021-06-04,130137.0,129148.0,129600.0,130126.0,9814800,130126.0
2021-06-07,131190.0,129498.0,130125.0,130776.0,9655400,130776.0
2021-06-08,130776.0,129230.0,130776.0,129787.0,10346600,129787.0
2021-06-09,130882.0,129281.0,129800.0,129907.0,9833700,129907.0
2021-06-10,130527.0,129526.0,129911.0,130076.0,8537900,130076.0
2021-06-11,130294.0,128678.0,130076.0,129441.0,7748200,129441.0
2021-06-14,131084.0,129441.0,129441.0,130208.0,8155700,130208.0
2021-06-15,130436.0,129304.0,130208.0,130091.0,7211500,130091.0
2021-06-16,130283.0,128345.0,130091.0,129259.0,12879400,129259.0
2021-06-17,129919.0,127576.0,129259.0,128057.0,9664700,128057.0
2021-06-18,128796.0,127595.0,128050.0,128405.0,12432000,128405.0
2021-06-21,129412.0,128048.0,128405.0,129265.0,7333600,129265.0
2021-06-22,129259.0,127803.0,129242.0,128767.0,9328000,128767.0
2021-06-23,129901.0,128182.0,128769.0,128428.0,7988900,128428.0
2021-06-24,129541.0,128428.0,128433.0,129514.0,7237000,129514.0
2021-06-25,129748.0,126697.0,129513.0,127256.0,9363800,127256.0
2021-06-28,128067.0,126629.0,127255.0,127429.0,8155600,127429.0
2021-06-29,127507.0,126184.0,127429.0,127327.0,7777900,127327.0
2021-06-30,127323.0,126199.0,127323.0,126802.0,9098600,126802.0
2021-07-01,127204.0,124994.0,126802.0,125666.0,9292000,125666.0
2021-07-02,127672.0,125667.0,125667.0,127622.0,7434800,127622.0
2021-07-05,127633.0,126531.0,127622.0,126920.0,5255600,126920.0
2021-07-06,126919.0,124866.0,126919.0,125095.0,7651300,125095.0
2021-07-07,127249.0,125094.0,125096.0,127019.0,8151400,127019.0
2021-07-08,127013.0,124310.0,127013.0,125428.0,8881400,125428.0
2021-07-12,127782.0,125428.0,125428.0,127594.0,7421600,127594.0
2021-07-13,128420.0,126441.0,127594.0,128168.0,7152000,128168.0
2021-07-14,129620.0,128085.0,128169.0,128407.0,0,128407.0
2021-07-15,128976.0,126922.0,128407.0,127468.0,7418600,127468.0
2021-07-16,128010.0,125808.0,127468.0,125960.0,7355800,125960.0
2021-07-19,125958.0,123317.0,125958.0,124395.0,9210200,124395.0
2021-07-20,125631.0,123631.0,124395.0,125401.0,7627500,125401.0
2021-07-21,126112.0,125247.0,125404.0,125929.0,7148900,125929.0
2021-07-22,126428.0,125416.0,125930.0,126147.0,6480400,126147.0
2021-07-23,126204.0,124422.0,126140.0,125053.0,6051800,125053.0
2021-07-26,126214.0,125006.0,125058.0,126004.0,6325500,126004.0
2021-07-27,126026.0,123670.0,126004.0,124612.0,7313800,124612.0
2021-07-28,126712.0,124542.0,124615.0,126286.0,9038200,126286.0
2021-07-29,126476.0,124917.0,126285.0,125675.0,7488400,125675.0
2021-07-30,125673.0,121748.0,125672.0,121801.0,9399200,121801.0
2021-08-02,124536.0,121797.0,121803.0,122516.0,8565400,122516.0
2021-08-03,123765.0,120807.0,122516.0,123577.0,9391300,123577.0
2021-08-04,123587.0,121072.0,123577.0,121801.0,9164200,121801.0
2021-08-05,123541.0,121128.0,121801.0,121633.0,10913000,121633.0
2021-08-06,123287.0,121568.0,121633.0,122810.0,7499200,122810.0
2021-08-09,123597.0,122258.0,122809.0,123019.0,7171500,123019.0
2021-08-10,123513.0,122061.0,123021.0,122202.0,8297600,122202.0
2021-08-11,122756.0,120827.0,122203.0,122056.0,8685200,122056.0
2021-08-12,122095.0,120534.0,122056.0,120701.0,11066000,120701.0
2021-08-13,121275.0,120045.0,120701.0,121194.0,10642200,121194.0
2021-08-16,121191.0,118684.0,121191.0,119180.0,9741700,119180.0
2021-08-17,119179.0,116248.0,119179.0,117904.0,11218200,117904.0
2021-08-18,118739.0,116489.0,117904.0,116643.0,11745800,116643.0
2021-08-19,117453.0,114801.0,116641.0,117165.0,10525900,117165.0
2021-08-20,118308.0,116040.0,117163.0,118053.0,8929300,118053.0
2021-08-23,118445.0,117062.0,118053.0,117472.0,7853000,117472.0
2021-08-24,120463.0,117474.0,117474.0,120211.0,9181000,120211.0
2021-08-25,120818.0,119226.0,120210.0,120818.0,7520100,120818.0
2021-08-26,120833.0,118719.0,120817.0,118724.0,8426900,118724.0
2021-08-27,120678.0,118721.0,118725.0,120678.0,7323600,120678.0
2021-08-30,120684.0,119354.0,120677.0,119740.0,6391900,119740.0
2021-08-31,120157.0,117911.0,119738.0,118781.0,11535600,118781.0
2021-09-01,119942.0,118067.0,118793.0,119396.0,9523000,119396.0
2021-09-02,119397.0,116534.0,119394.0,116677.0,9862800,116677.0
2021-09-03,117396.0,115583.0,116679.0,116933.0,12517500,116933.0
2021-09-06,117981.0,116156.0,116926.0,117869.0,5111300,117869.0
2021-09-08,117866.0,113172.0,117866.0,113413.0,12254400,113413.0
2021-09-09,116354.0,112435.0,113413.0,115361.0,13890600,115361.0
2021-09-10,116896.0,114286.0,115370.0,114286.0,11155700,114286.0
2021-09-13,117046.0,114300.0,114300.0,116404.0,9253400,116404.0
2021-09-14,117270.0,115809.0,116405.0,116181.0,9034100,116181.0
2021-09-15,116312.0,114741.0,116191.0,115063.0,9456800,115063.0
2021-09-16,115062.0,113395.0,115062.0,113794.0,10685500,113794.0
2021-09-17,113794.0,111157.0,113794.0,111439.0,14827600,111439.0
2021-09-20,111435.0,107520.0,111435.0,108844.0,11500200,108844.0
2021-09-21,110923.0,108859.0,108859.0,110250.0,11247700,110250.0
2021-09-22,113321.0,110251.0,110252.0,112282.0,12158600,112282.0
2021-09-23,114330.0,112281.0,112282.0,114064.0,11476300,114064.0
2021-09-24,114062.0,112505.0,114062.0,113283.0,9121200,113283.0
2021-09-27,114432.0,112360.0,113283.0,113583.0,10739700,113583.0
2021-09-28,113584.0,109981.0,113584.0,110124.0,13190800,110124.0
2021-09-29,112028.0,110125.0,110125.0,111107.0,11372600,111107.0
2021-09-30,112371.0,110743.0,111117.0,110979.0,13160600,110979.0
2021-10-01,113020.0,110980.0,110980.0,112900.0,10779100,112900.0
2021-10-04,112900.0,109979.0,112900.0,110393.0,11814200,110393.0
2021-10-05,111691.0,110087.0,110397.0,110458.0,10379000,110458.0
2021-10-06,110614.0,108180.0,110454.0,110560.0,13279200,110560.0
2021-10-07,111522.0,110563.0,110563.0,110585.0,10646000,110585.0
2021-10-08,114172.0,110586.0,110586.0,112833.0,12871400,112833.0
2021-10-11,113982.0,112052.0,112834.0,112180.0,10283700,112180.0
2021-10-13,114159.0,111807.0,112180.0,113456.0,11732700,113456.0
2021-10-14,113881.0,112708.0,113457.0,113185.0,8956200,113185.0
2021-10-15,114776.0,113049.0,113189.0,114648.0,11174900,114648.0
2021-10-18,114927.0,112841.0,114647.0,114428.0,11201300,114428.0
2021-10-19,114422.0,109947.0,114422.0,110673.0,14129200,110673.0
2021-10-20,112023.0,110176.0,110677.0,110786.0,11735800,110786.0
2021-10-21,110767.0,105714.0,110767.0,107735.0,16507700,107735.0
2021-10-22,107749.0,102854.0,107714.0,106296.0,21165700,106296.0
2021-10-25,109372.0,106296.0,106298.0,108715.0,11512100,108715.0
2021-10-26,108713.0,106321.0,108713.0,106420.0,10762200,106420.0
2021-10-27,108224.0,106045.0,106433.0,106363.0,10831300,106363.0
2021-10-28,107210.0,105282.0,106369.0,105705.0,11502900,105705.0
2021-10-29,105954.0,103430.0,105707.0,103501.0,12595800,103501.0
2021-11-01,106136.0,103514.0,103514.0,105551.0,10734800,105551.0
2021-11-03,106754.0,104205.0,105547.0,105617.0,14696900,105617.0
2021-11-04,105627.0,102835.0,105617.0,103412.0,12084000,103412.0
2021-11-05,105555.0,103412.0,103412.0,104824.0,12595000,104824.0
2021-11-08,105679.0,104182.0,104824.0,104781.0,9358000,104781.0
2021-11-09,106674.0,104783.0,104783.0,105535.0,11021200,105535.0
2021-11-10,107407.0,105140.0,105535.0,105968.0,12277400,105968.0
2021-11-11,108669.0,105988.0,105988.0,107725.0,12661400,107725.0
2021-11-12,107915.0,105842.0,107576.0,106312.0,13248100,106312.0
2021-11-16,106971.0,104113.0,106336.0,104508.0,11579400,104508.0
2021-11-17,105535.0,102551.0,104405.0,102945.0,12832200,102945.0
2021-11-18,103757.0,102014.0,102948.0,102524.0,10905700,102524.0
2021-11-19,103975.0,102143.0,102426.0,103035.0,11101500,103035.0
2021-11-22,104613.0,102122.0,103036.0,102122.0,10410000,102122.0
2021-11-23,103692.0,101736.0,102124.0,103663.0,13032400,103663.0
2021-11-24,105041.0,102464.0,103652.0,104514.0,10466600,104514.0
2021-11-25,106400.0,104514.0,104514.0,105811.0,7890400,105811.0
2021-11-26,105810.0,101495.0,105810.0,102224.0,10969100,102224.0
2021-11-29,104149.0,102226.0,102227.0,102814.0,10283300,102814.0
2021-11-30,103066.0,100075.0,102814.0,101915.0,18195100,101915.0
2021-12-01,104087.0,100727.0,101916.0,100775.0,13762900,100775.0
2021-12-02,104466.0,100785.0,100785.0,104466.0,14846500,104466.0
2021-12-03,106814.0,104090.0,104467.0,105070.0,14581500,105070.0
2021-12-06,107498.0,105070.0,105070.0,106859.0,11127500,106859.0
2021-12-07,108655.0,106868.0,106868.0,107558.0,11773100,107558.0
2021-12-08,108521.0,107309.0,107558.0,108096.0,13166800,108096.0
2021-12-09,106754.0,105890.0,106573.0,106291.0,11082900,106291.0
2021-12-10,108275.0,106296.0,106296.0,107758.0,10466000,107758.0
2021-12-13,109493.0,107383.0,107758.0,107383.0,12512300,107383.0
2021-12-14,109148.0,106445.0,107387.0,106760.0,11604300,106760.0
2021-12-15,107603.0,105697.0,106763.0,107370.0,12663100,107370.0
2021-12-16,109034.0,107433.0,107433.0,108212.0,13754600,108212.0
2021-12-17,108324.0,106518.0,108324.0,107201.0,14934300,107201.0
2021-12-20,107171.0,104358.0,107171.0,105020.0,10570000,105020.0
2021-12-21,105906.0,105020.0,105020.0,105500.0,9041600,105500.0
2021-12-22,105711.0,104386.0,105499.0,105244.0,8052900,105244.0
2021-12-23,105453.0,104637.0,105251.0,104891.0,7283600,104891.0
2021-12-27,105694.0,104798.0,104892.0,105531.0,7594900,105531.0
2021-12-28,105652.0,104503.0,105555.0,104864.0,7509000,104864.0
2021-12-29,105190.0,103851.0,104863.0,104107.0,6590000,104107.0
2021-12-30,105269.0,104106.0,104106.0,104822.0,11138100,104822.0
2022-01-03,106125.0,103413.0,104823.0,103922.0,11128500,103922.0
2022-01-04,104276.0,103096.0,103922.0,103514.0,11491600,103514.0
2022-01-05,103514.0,100850.0,103514.0,101006.0,0,101006.0
2022-01-06,102235.0,101000.0,101006.0,101561.0,11749200,101561.0
2022-01-07,102719.0,101104.0,101561.0,102719.0,11733200,102719.0
2022-01-10,102719.0,101038.0,102719.0,101945.0,10264700,101945.0
2022-01-11,103780.0,101918.0,101946.0,103779.0,12421500,103779.0
2022-01-12,105869.0,103771.0,103779.0,105686.0,13026500,105686.0
2022-01-13,106251.0,104974.0,105686.0,105530.0,11712300,105530.0
2022-01-14,107062.0,105028.0,105530.0,106928.0,11457100,106928.0
2022-01-17,106928.0,106097.0,106927.0,106692.0,6924200,106692.0
2022-01-18,107013.0,105786.0,106369.0,106522.0,11221900,106522.0
2022-01-19,108602.0,106669.0,106670.0,108013.0,12595600,108013.0
2022-01-20,109873.0,108015.0,108015.0,109102.0,13630500,109102.0
2022-01-21,109786.0,108368.0,109097.0,108942.0,13408400,108942.0
2022-01-24,108948.0,106624.0,108941.0,107752.0,12700800,107752.0
2022-01-25,110115.0,107185.0,107935.0,109845.0,13713900,109845.0
2022-01-26,112695.0,110204.0,110207.0,111573.0,15513800,111573.0
2022-01-27,113057.0,111303.0,111303.0,112315.0,14812000,112315.0
2022-01-28,112969.0,111407.0,112611.0,111478.0,13520100,111478.0
2022-01-31,112495.0,111195.0,111910.0,112388.0,12190800,112388.0
2022-02-01,113302.0,112135.0,112143.0,113147.0,11133300,113147.0
2022-02-02,113666.0,111645.0,113228.0,112161.0,11751200,112161.0
2022-02-03,112502.0,111225.0,111897.0,111696.0,11039700,111696.0
2022-02-04,112415.0,110321.0,111696.0,112245.0,0,112245.0
2022-02-07,112517.0,111490.0,112247.0,111996.0,10672800,111996.0
2022-02-08,112251.0,110943.0,111995.0,112234.0,10157500,112234.0
2022-02-09,113163.0,111710.0,112233.0,112461.0,13794500,112461.0
2022-02-10,113812.0,112163.0,112462.0,113359.0,13267900,113359.0
2022-02-11,114899.0,113128.0,113368.0,113572.0,18602800,113572.0
2022-02-14,114167.0,113358.0,113643.0,113807.0,10757600,113807.0
2022-02-15,114819.0,113882.0,113905.0,114660.0,11649600,114660.0
2022-02-16,115734.0,114816.0,114830.0,115181.0,12052100,115181.0
2022-02-17,115214.0,113389.0,115181.0,113528.0,10807500,113528.0
2022-02-18,114213.0,112701.0,113534.0,112768.0,11300700,112768.0
2022-02-21,113405.0,111608.0,112880.0,111725.0,7864900,111725.0
2022-02-22,113315.0,111727.0,111727.0,112892.0,12707000,112892.0
2022-02-23,113721.0,111748.0,112892.0,112008.0,12120600,112008.0
2022-02-24,112001.0,109125.0,112001.0,111592.0,16794700,111592.0
2022-02-25,113142.0,110673.0,111591.0,113142.0,17555700,113142.0
2022-03-02,115429.0,113143.0,113143.0,115174.0,0,115174.0
2022-03-03,115948.0,115010.0,115173.0,115166.0,12123000,115166.0
2022-03-04,115166.0,113389.0,115166.0,114474.0,10715700,114474.0
2022-03-07,114529.0,111140.0,114469.0,111593.0,14057700,111593.0
2022-03-08,112390.0,110969.0,111594.0,111203.0,15698500,111203.0
2022-03-09,114051.0,111207.0,111210.0,113900.0,14705400,113900.0
2022-03-10,113939.0,111889.0,113900.0,113663.0,12984000,113663.0
2022-03-11,114627.0,111332.0,113664.0,111713.0,12475800,111713.0
2022-03-14,112299.0,109717.0,111716.0,109928.0,10480900,109928.0
2022-03-15,109925.0,107781.0,109925.0,108959.0,13653800,108959.0
2022-03-16,111183.0,108958.0,108958.0,111112.0,13205200,111112.0
2022-03-17,113088.0,111070.0,111113.0,113076.0,14407500,113076.0
2022-03-18,115311.0,112475.0,113076.0,115311.0,19552500,115311.0
2022-03-21,116360.0,115208.0,115307.0,116155.0,10378700,116155.0
2022-03-22,117541.0,116157.0,116157.0,117272.0,11382700,117272.0
2022-03-23,118270.0,117036.0,117270.0,117457.0,11083700,117457.0
2022-03-24,119256.0,117151.0,117460.0,119053.0,13474400,119053.0
2022-03-25,119729.0,118548.0,119062.0,119081.0,13814500,119081.0
2022-03-28,119444.0,118061.0,119082.0,118738.0,9167700,118738.0
2022-03-29,120900.0,118740.0,118740.0,120014.0,12931900,120014.0
2022-03-30,120531.0,119775.0,120013.0,120260.0,10893300,120260.0
2022-03-31,120880.0,119999.0,120261.0,119999.0,11202100,119999.0
2022-04-01,121579.0,120001.0,120001.0,121570.0,13780900,121570.0
2022-04-04,121570.0,120754.0,121569.0,121280.0,8812500,121280.0
2022-04-05,121628.0,118794.0,121279.0,118885.0,11788300,118885.0
2022-04-06,118885.0,116791.0,118885.0,118228.0,13410800,118228.0
2022-04-07,119247.0,117509.0,118226.0,118862.0,11520100,118862.0
2022-04-08,118868.0,117487.0,118861.0,118322.0,11225800,118322.0
2022-04-11,118320.0,116953.0,118320.0,116953.0,9558400,116953.0
2022-04-12,118615.0,116054.0,116963.0,116147.0,11406800,116147.0
2022-04-13,117329.0,116150.0,116150.0,116782.0,12070500,116782.0
2022-04-14,116781.0,115624.0,116781.0,116182.0,10365400,116182.0
2022-04-18,116191.0,115177.0,116182.0,115687.0,8404900,115687.0
2022-04-19,115687.0,114277.0,115687.0,115057.0,0,115057.0
2022-04-20,115057.0,113945.0,115057.0,114344.0,10747700,114344.0
2022-04-22,114343.0,110591.0,114343.0,111078.0,10877300,111078.0
2022-04-25,111155.0,109222.0,111077.0,110685.0,11098300,110685.0
2022-04-26,110685.0,107978.0,110684.0,108213.0,11747500,108213.0
2022-04-27,110107.0,108214.0,108214.0,109349.0,11515700,109349.0
2022-04-28,110702.0,108905.0,109349.0,109919.0,11129900,109919.0
2022-04-29,111819.0,107876.0,109922.0,107876.0,13662200,107876.0
2022-05-02,107884.0,105218.0,107876.0,106639.0,11935100,106639.0
2022-05-03,107127.0,106033.0,106640.0,106528.0,9935500,106528.0
2022-05-04,108382.0,104933.0,106529.0,108344.0,14558600,108344.0
2022-05-05,108337.0,103923.0,108337.0,105304.0,13826200,105304.0
2022-05-06,106268.0,103984.0,105303.0,105135.0,14137700,105135.0
2022-05-09,105109.0,102768.0,105109.0,103250.0,13196700,103250.0
2022-05-10,104286.0,102386.0,103251.0,103110.0,13507400,103110.0
2022-05-11,105374.0,103008.0,103110.0,104397.0,13425100,104397.0
2022-05-12,105708.0,103579.0,104395.0,105688.0,13995600,105688.0
2022-05-13,107773.0,105691.0,105691.0,106924.0,12369300,106924.0
2022-05-16,108685.0,108199.0,108685.0,108233.0,10596900,108233.0
2022-05-17,109774.0,108245.0,108246.0,108789.0,16503400,108789.0
2022-05-18,108096.0,106038.0,107903.0,106247.0,14752800,106247.0
2022-05-19,107420.0,105760.0,106249.0,107005.0,11426400,107005.0
2022-05-20,108795.0,107351.0,108520.0,108488.0,12866400,108488.0
2022-05-23,110680.0,108500.0,108500.0,110346.0,10682700,110346.0
2022-05-24,110635.0,108399.0,110340.0,110581.0,11724400,110581.0
2022-05-25,111006.0,109699.0,110085.0,110580.0,10737700,110580.0
2022-05-26,112102.0,110388.0,110577.0,111890.0,13077400,111890.0
2022-05-27,112441.0,111558.0,111890.0,111942.0,9979300,111942.0
2022-05-30,112690.0,110655.0,111944.0,111032.0,7284500,111032.0
2022-05-31,111903.0,110685.0,111036.0,111351.0,15809400,111351.0
2022-06-01,111931.0,110822.0,111351.0,111360.0,9790200,111360.0
2022-06-02,112709.0,111218.0,111363.0,112393.0,10051100,112393.0
2022-06-03,112392.0,110935.0,112392.0,111102.0,8757500,111102.0
2022-06-06,111935.0,110015.0,111102.0,110186.0,8212400,110186.0
2022-06-07,110435.0,109394.0,110185.0,110070.0,9466200,110070.0
2022-06-08,110142.0,108045.0,110067.0,108368.0,10379900,108368.0
2022-06-09,108510.0,107068.0,108367.0,107094.0,11955500,107094.0
2022-06-10,107092.0,104648.0,107091.0,105481.0,12840500,105481.0
2022-06-13,105478.0,101700.0,105476.0,102598.0,13837900,102598.0
2022-06-14,103328.0,101325.0,102598.0,102063.0,11563200,102063.0
2022-06-15,103952.0,102046.0,102068.0,102807.0,16023500,102807.0
2022-06-17,102801.0,98402.0,102800.0,99825.0,18927300,99825.0
2022-06-20,100481.0,98409.0,99824.0,99853.0,10900800,99853.0
2022-06-21,101069.0,99167.0,99854.0,99685.0,11072300,99685.0
2022-06-22,100374.0,98050.0,99678.0,99522.0,11675100,99522.0
2022-06-23,100232.0,97775.0,99523.0,98080.0,12397700,98080.0
2022-06-24,99313.0,98031.0,98081.0,98672.0,10345200,98672.0
2022-06-27,101106.0,98672.0,98673.0,100764.0,9895900,100764.0
2022-06-28,102237.0,99956.0,100766.0,100591.0,10493900,100591.0
2022-06-29,101313.0,99218.0,100592.0,99622.0,10448100,99622.0
2022-06-30,99619.0,97758.0,99619.0,98542.0,14588800,98542.0
2022-07-01,99340.0,97231.0,98542.0,98954.0,11609800,98954.0
2022-07-04,99353.0,98264.0,98952.0,98609.0,6279300,98609.0
2022-07-05,98608.0,96499.0,98608.0,98295.0,13358800,98295.0
2022-07-06,99141.0,97423.0,98294.0,98719.0,13348200,98719.0
2022-07-07,101420.0,98722.0,98722.0,100730.0,12696300,100730.0
2022-07-08,101577.0,99958.0,100732.0,100289.0,9730400,100289.0
2022-07-11,100282.0,97854.0,100282.0,98212.0,8893400,98212.0
2022-07-12,98737.0,97253.0,98212.0,98271.0,12566300,98271.0
2022-07-13,98928.0,97403.0,98258.0,97881.0,12208100,97881.0
2022-07-14,97879.0,95431.0,97879.0,96121.0,12579000,96121.0
2022-07-15,96971.0,95267.0,96119.0,96551.0,11347600,96551.0
2022-07-18,98291.0,96553.0,96553.0,96916.0,10738200,96916.0
2022-07-19,98346.0,96917.0,96920.0,98245.0,10295900,98245.0
2022-07-20,98366.0,97277.0,98244.0,98287.0,12941700,98287.0
2022-07-21,99057.0,97088.0,98286.0,99033.0,10060000,99033.0
2022-07-22,99724.0,98321.0,99034.0,98925.0,10033500,98925.0
2022-07-25,100508.0,98925.0,98926.0,100270.0,8621800,100270.0
2022-07-26,100753.0,99365.0,100270.0,99772.0,9136600,99772.0
2022-07-27,101471.0,99772.0,99773.0,101438.0,10263100,101438.0
2022-07-28,102686.0,101045.0,101437.0,102597.0,11130000,102597.0
2022-07-29,103989.0,102514.0,102597.0,103165.0,12934200,103165.0
2022-08-01,103317.0,101764.0,103165.0,102225.0,11626700,102225.0
2022-08-02,103660.0,101694.0,102225.0,103362.0,10124500,103362.0
2022-08-03,103878.0,102822.0,103362.0,103775.0,12379600,103775.0
2022-08-04,106162.0,103777.0,103777.0,105892.0,15499000,105892.0
2022-08-05,107176.0,105518.0,105893.0,106472.0,12947500,106472.0
2022-08-08,108489.0,106473.0,106473.0,108402.0,12674600,108402.0
2022-08-09,109331.0,107842.0,108403.0,108651.0,12147900,108651.0
2022-08-10,110362.0,108657.0,108658.0,110236.0,13376200,110236.0
2022-08-11,111309.640625,109603.65625,110236.171875,109717.9375,0,109717.9375
